1 2
1 3
2 3
1 4
3 4
2 4
3 5
4 5
2 5
2 6
1 6
3 6
2 7
6 7
1 7
2 8
5 8
3 8
6 9
3 9
1 9
5 10
3 10
2 10
2 11
8 11
3 11
6 12
2 12
1 12
12 13
6 13
9 13
6 14
7 14
4 14
5 15
6 15
8 15
5 16
14 16
10 16
3 17
1 17
2 17
8 18
2 18
6 18
5 19
4 19
2 19
7 20
5 20
8 20
15 21
17 21
2 21
6 22
5 22
18 22
13 23
10 23
5 23
5 24
8 24
3 24
8 25
5 25
23 25
21 26
25 26
8 26
9 27
20 27
3 27
7 28
3 28
16 28
25 29
14 29
8 29
15 30
24 30
10 30
25 31
2 31
11 31
21 32
30 32
20 32
5 33
7 33
3 33
32 34
2 34
8 34
13 35
27 35
30 35
1 36
17 36
6 36
8 37
11 37
26 37
3 38
37 38
2 38
3 39
9 39
17 39
3 40
6 40
20 40
1 41
10 41
3 41
3 42
2 42
21 42
41 43
3 43
16 43
26 44
28 44
12 44
30 45
13 45
21 45
4 46
7 46
5 46
22 47
2 47
3 47
5 48
22 48
2 48
7 49
30 49
10 49
43 50
18 50
27 50
21 51
8 51
25 51
29 52
5 52
4 52
13 53
31 53
3 53
4 54
3 54
24 54
33 55
54 55
16 55
42 56
3 56
10 56
20 57
42 57
55 57
29 58
22 58
55 58
6 59
43 59
27 59
56 60
8 60
5 60
53 61
46 61
2 61
15 62
25 62
12 62
37 63
43 63
2 63
54 64
59 64
20 64
25 65
32 65
23 65
7 66
29 66
36 66
35 67
54 67
6 67
1 68
23 68
15 68
3 69
45 69
8 69
15 70
58 70
2 70
42 71
3 71
17 71
12 72
52 72
23 72
14 73
33 73
9 73
9 74
23 74
2 74
5 75
69 75
11 75
6 76
35 76
14 76
47 77
21 77
46 77
5 78
53 78
12 78
3 79
48 79
61 79
3 80
32 80
19 80
67 81
56 81
33 81
15 82
44 82
7 82
31 83
13 83
15 83
7 84
58 84
26 84
15 85
1 85
3 85
85 86
5 86
27 86
14 87
50 87
25 87
41 88
68 88
7 88
11 89
15 89
17 89
3 90
80 90
15 90
52 91
33 91
11 91
27 92
11 92
18 92
2 93
12 93
27 93
40 94
3 94
12 94
66 95
12 95
3 95
19 96
55 96
43 96
34 97
33 97
16 97
31 98
25 98
35 98
56 99
8 99
25 99
2 100
23 100
8 100
59 101
21 101
71 101
80 102
31 102
76 102
51 103
86 103
32 103
93 104
97 104
54 104
54 105
17 105
7 105
3 106
59 106
9 106
3 107
20 107
92 107
22 108
102 108
67 108
3 109
30 109
15 109
65 110
50 110
16 110
3 111
5 111
80 111
38 112
75 112
77 112
55 113
14 113
6 113
6 114
101 114
110 114
106 115
3 115
90 115
31 116
5 116
3 116
104 117
25 117
20 117
11 118
3 118
59 118
54 119
17 119
55 119
5 120
9 120
72 120
50 121
61 121
31 121
6 122
3 122
89 122
52 123
102 123
108 123
43 124
26 124
95 124
110 125
8 125
32 125
72 126
14 126
27 126
70 127
25 127
55 127
42 128
47 128
12 128
67 129
5 129
32 129
71 130
99 130
53 130
11 131
15 131
84 131
35 132
3 132
8 132
31 133
29 133
118 133
12 134
44 134
55 134
10 135
111 135
1 135
41 136
32 136
5 136
32 137
25 137
28 137
53 138
58 138
1 138
72 139
53 139
58 139
5 140
17 140
125 140
90 141
80 141
106 141
66 142
30 142
48 142
12 143
3 143
131 143
84 144
72 144
66 144
37 145
65 145
118 145
51 146
57 146
127 146
10 147
18 147
21 147
14 148
40 148
22 148
8 149
22 149
113 149
114 150
91 150
9 150
114 151
11 151
30 151
114 152
14 152
7 152
3 153
55 153
72 153
5 154
44 154
6 154
81 155
109 155
32 155
16 156
27 156
143 156
3 157
54 157
8 157
127 158
73 158
46 158
136 159
158 159
21 159
72 160
12 160
88 160
59 161
88 161
6 161
43 162
114 162
15 162
43 163
3 163
85 163
53 164
46 164
15 164
69 165
109 165
21 165
32 166
5 166
23 166
135 167
3 167
127 167
154 168
59 168
17 168
70 169
51 169
25 169
57 170
127 170
8 170
127 171
164 171
109 171
20 172
13 172
7 172
165 173
52 173
54 173
41 174
130 174
23 174
142 175
25 175
6 175
173 176
31 176
90 176
73 177
33 177
173 177
57 178
36 178
25 178
41 179
2 179
167 179
59 180
14 180
11 180
74 181
5 181
109 181
51 182
156 182
79 182
2 183
1 183
54 183
106 184
53 184
28 184
16 185
7 185
127 185
8 186
138 186
34 186
59 187
20 187
13 187
112 188
85 188
7 188
4 189
12 189
110 189
9 190
2 190
75 190
108 191
9 191
80 191
2 192
68 192
17 192
9 193
53 193
31 193
32 194
35 194
12 194
18 195
108 195
40 195
9 196
37 196
6 196
30 197
112 197
103 197
16 198
25 198
176 198
187 199
34 199
132 199
34 200
18 200
3 200
90 201
189 201
193 201
11 202
10 202
8 202
5 203
32 203
17 203
89 204
103 204
53 204
28 205
180 205
16 205
28 206
77 206
7 206
52 207
15 207
43 207
195 208
12 208
3 208
3 209
30 209
101 209
2 210
167 210
107 210
41 211
80 211
36 211
83 212
189 212
210 212
25 213
11 213
206 213
55 214
29 214
122 214
44 215
53 215
12 215
48 216
44 216
67 216
71 217
32 217
134 217
54 218
217 218
16 218
11 219
121 219
164 219
72 220
1 220
111 220
27 221
16 221
132 221
146 222
3 222
2 222
168 223
79 223
12 223
143 224
43 224
73 224
134 225
27 225
154 225
119 226
135 226
73 226
52 227
46 227
224 227
20 228
176 228
5 228
118 229
156 229
42 229
163 230
80 230
10 230
180 231
2 231
154 231
127 232
13 232
221 232
103 233
83 233
3 233
106 234
103 234
8 234
7 235
27 235
147 235
85 236
186 236
3 236
3 237
35 237
90 237
5 238
92 238
4 238
162 239
191 239
16 239
25 240
80 240
123 240
14 241
72 241
53 241
76 242
65 242
5 242
149 243
67 243
2 243
13 244
59 244
8 244
106 245
45 245
13 245
27 246
101 246
204 246
12 247
5 247
29 247
206 248
96 248
36 248
109 249
81 249
140 249
1 250
60 250
7 250
23 251
84 251
190 251
29 252
16 252
15 252
39 253
99 253
248 253
3 254
16 254
120 254
158 255
106 255
86 255
84 256
8 256
83 256
33 257
9 257
186 257
29 258
137 258
25 258
99 259
106 259
22 259
15 260
118 260
47 260
18 261
117 261
120 261
9 262
14 262
43 262
51 263
56 263
57 263
196 264
1 264
165 264
79 265
67 265
5 265
89 266
144 266
60 266
132 267
59 267
66 267
25 268
55 268
5 268
180 269
167 269
169 269
209 270
25 270
48 270
270 271
141 271
5 271
184 272
85 272
3 272
214 273
212 273
195 273
161 274
86 274
120 274
3 275
206 275
33 275
44 276
45 276
83 276
72 277
28 277
135 277
190 278
20 278
204 278
25 279
212 279
30 279
93 280
55 280
41 280
263 281
86 281
3 281
25 282
27 282
53 282
13 283
174 283
105 283
173 284
169 284
213 284
213 285
3 285
57 285
97 286
283 286
84 286
7 287
44 287
183 287
207 288
169 288
127 288
100 289
53 289
240 289
212 290
187 290
127 290
214 291
209 291
35 291
255 292
102 292
55 292
59 293
163 293
13 293
198 294
102 294
224 294
147 295
8 295
25 295
207 296
55 296
13 296
98 297
182 297
162 297
29 298
17 298
122 298
20 299
272 299
16 299
3 300
189 300
199 300
162 301
3 301
22 301
141 302
4 302
140 302
